3.936018208286162223e-01 -7.008877164543637628e-01 5.948394872264156641e-01 2.404534816741943359e+00
-0.000000000000000000e+00 -6.470703405618782877e-01 -7.624303078741916373e-01 1.712419986724853294e+00
9.192810270207897316e-01 3.000939574342042504e-01 -2.546880642493480895e-01 -1.589390039443969727e+00
0.000000000000000000e+00 0.000000000000000000e+00 0.000000000000000000e+00 1.000000000000000000e+00
2.667853541371937309e-01 -7.619446262059389463e-01 5.901406285062772428e-01 2.440804958343505859e+00
-2.114821168758105242e-17 -6.123340817113693824e-01 -7.905991224221627922e-01 1.663934946060180442e+00
9.637559726496600643e-01 2.109202668559511940e-01 -1.633617648396409883e-01 -1.655144929885864258e+00
0.000000000000000000e+00 0.000000000000000000e+00 0.000000000000000000e+00 1.000000000000000000e+00
2.605684053694783953e-01 -7.868104914531469651e-01 5.594938397001920638e-01 2.515084981918334961e+00
-0.000000000000000000e+00 -5.795128875791316636e-01 -8.149630747032019507e-01 1.679620027542114258e+00
9.654553879507883352e-01 2.123536288104203862e-01 -1.510027490075561141e-01 -1.733525037765502708e+00
0.000000000000000000e+00 0.000000000000000000e+00 0.000000000000000000e+00 1.000000000000000000e+00
2.630427137224448653e-01 -8.556058296993518386e-01 4.458107164952582746e-01 2.662635087966918945e+00
2.374783230339326858e-17 -4.620833567949314546e-01 -8.868364964147155138e-01 1.764765024185180886e+00
9.647841886958615776e-01 2.332758786450320199e-01 -1.215476601373154802e-01 -1.838575005531311035e+00
0.000000000000000000e+00 0.000000000000000000e+00 0.000000000000000000e+00 1.000000000000000000e+00
3.725489809903790306e-01 -8.955625551461219302e-01 2.432590524177453695e-01 2.832695007324218750e+00
1.242842710894201454e-17 -2.621290601399109410e-01 -9.650328262966846316e-01 1.863029956817627619e+00
9.280125304989313983e-01 3.595219960590952946e-01 -9.765591424308964208e-02 -1.945940017700195312e+00
0.000000000000000000e+00 0.000000000000000000e+00 0.000000000000000000e+00 1.000000000000000000e+00
6.606434156731338936e-01 -7.471500910238934035e-01 7.291789088229655436e-02 2.997649908065795898e+00
-0.000000000000000000e+00 -9.713321518735872073e-02 -9.952713893744591367e-01 1.931654930114746094e+00
7.506998583506825362e-01 6.575194901980883078e-01 -6.417041905669017277e-02 -2.044674873352050781e+00
0.000000000000000000e+00 0.000000000000000000e+00 0.000000000000000000e+00 1.000000000000000000e+00
9.984608068448125318e-01 5.541074584984432422e-02 -2.380428358538925517e-03 3.126154899597168413e+00
4.340808710929066177e-19 -4.292010107620503057e-02 -9.990785078879479419e-01 1.948930025100708452e+00
-5.546185351037393602e-02 9.975407330871117750e-01 -4.285403875040857957e-02 -2.106345176696777788e+00
0.000000000000000000e+00 0.000000000000000000e+00 0.000000000000000000e+00 1.000000000000000000e+00
6.900012767117922330e-01 -7.228178192708181182e-01 3.785020846278144835e-02 3.138905048370360440e+00
5.015556159773797354e-18 -5.229315041298877170e-02 -9.986317771931176868e-01 1.919854998588562234e+00
7.238081500895781062e-01 6.890572012282171199e-01 -3.608234054824403098e-02 -2.117274999618530718e+00
0.000000000000000000e+00 0.000000000000000000e+00 0.000000000000000000e+00 1.000000000000000000e+00
-1.295568134019997875e-01 -9.907445868332817041e-01 4.049933038544283048e-02 3.120645046234130859e+00
-0.000000000000000000e+00 -4.084355988930145342e-02 -9.991655536574352015e-01 1.951894998550415039e+00
9.915720004624571926e-01 -1.294487051929021082e-01 5.291561467251631665e-03 -2.149739980697631392e+00
0.000000000000000000e+00 0.000000000000000000e+00 0.000000000000000000e+00 1.000000000000000000e+00
-8.103557242041462549e-01 -5.827330274983019143e-01 6.120309560991945425e-02 3.088345050811767578e+00
-0.000000000000000000e+00 -1.044531544278068935e-01 -9.945298077634882050e-01 1.976345062255859597e+00
5.859382222125244510e-01 -8.059229226127916368e-01 8.464421160175299164e-02 -2.138730049133300781e+00
0.000000000000000000e+00 0.000000000000000000e+00 0.000000000000000000e+00 1.000000000000000000e+00
-9.130958663880189841e-01 -4.017490976129750591e-01 6.966779279030613226e-02 3.065079927444457564e+00
-0.000000000000000000e+00 -1.708612060932035714e-01 -9.852951071899098689e-01 2.025545120239258257e+00
4.077449432980289057e-01 -8.996688895474467262e-01 1.560126610097756217e-01 -2.107325077056884766e+00
0.000000000000000000e+00 0.000000000000000000e+00 0.000000000000000000e+00 1.000000000000000000e+00
-9.732477137907667997e-01 -2.276465182719109859e-01 3.107974130719194303e-02 3.100359916687011719e+00
-0.000000000000000000e+00 -1.352714483673264356e-01 -9.908085764952813124e-01 2.062129974365234819e+00
2.297583243346048576e-01 -9.643021818783166221e-01 1.316526278646662218e-01 -2.048830032348632812e+00
0.000000000000000000e+00 0.000000000000000000e+00 0.000000000000000000e+00 1.000000000000000000e+00
-8.720492746239527637e-01 4.876850569457430451e-01 -4.115030813572571194e-02 3.128705024719238281e+00
-6.963551831419260522e-18 -8.408007251174447194e-02 -9.964590013675521663e-01 2.054250001907348633e+00
-4.894180857179654121e-01 -8.689613493350827333e-01 7.332196624419613784e-02 -1.967694997787475586e+00
0.000000000000000000e+00 0.000000000000000000e+00 0.000000000000000000e+00 1.000000000000000000e+00
1.140251455411045861e-01 9.864905515675940206e-01 -1.176208223580926804e-01 3.137955188751220703e+00
-0.000000000000000000e+00 -1.183929975942397683e-01 -9.929668162233068474e-01 2.061244964599609375e+00
-9.934778639629219255e-01 1.132231857373498241e-01 -1.349977878173083679e-02 -1.865350008010864258e+00
0.000000000000000000e+00 0.000000000000000000e+00 0.000000000000000000e+00 1.000000000000000000e+00
4.368756105561419911e-01 8.744760450182554878e-01 -2.107874464725736918e-01 3.138400077819824663e+00
-0.000000000000000000e+00 -2.343327490497727761e-01 -9.721564497151559125e-01 2.010540008544922319e+00
-8.995219290829978842e-01 4.247114425254000514e-01 -1.023742628144187206e-01 -1.832755088806152566e+00
0.000000000000000000e+00 0.000000000000000000e+00 0.000000000000000000e+00 1.000000000000000000e+00
6.365117236175442672e-01 6.915291850972515864e-01 -3.415262974591468659e-01 3.132714986801147461e+00
3.838758117476202533e-17 -4.428120039612556402e-01 -8.966144818972181518e-01 1.911309957504272239e+00
-7.712670261961305229e-01 5.707056292928499586e-01 -2.818550318799177834e-01 -1.777225017547607200e+00
0.000000000000000000e+00 0.000000000000000000e+00 0.000000000000000000e+00 1.000000000000000000e+00
6.349659142869676920e-01 5.768504074367489798e-01 -5.138695312370367141e-01 3.133524894714355469e+00
-0.000000000000000000e+00 -6.651687027168883271e-01 -7.466931075923575190e-01 1.777815103530883345e+00
-7.725401528035388266e-01 4.741246717541583999e-01 -4.223594534757053598e-01 -1.732635021209717019e+00
0.000000000000000000e+00 0.000000000000000000e+00 0.000000000000000000e+00 1.000000000000000000e+00
5.665549954756792239e-01 4.919522823543652779e-01 -6.610585367332335593e-01 3.133764982223510298e+00
-3.669612040531254790e-17 -8.022322079739973022e-01 -5.970121309397031784e-01 1.692300081253051758e+00
-8.240239299325921030e-01 3.382402051434691415e-01 -4.545086649591520422e-01 -1.719130039215088557e+00
0.000000000000000000e+00 0.000000000000000000e+00 0.000000000000000000e+00 1.000000000000000000e+00
4.893498206081030033e-01 4.681711845301462227e-01 -7.357666036498647921e-01 3.122535228729247159e+00
-0.000000000000000000e+00 -8.436843015300677928e-01 -5.368396402574251436e-01 1.772749900817871094e+00
-8.720875833715425740e-01 2.627023816552895297e-01 -4.128567616036112886e-01 -1.766134977340698020e+00
0.000000000000000000e+00 0.000000000000000000e+00 0.000000000000000000e+00 1.000000000000000000e+00
4.088514832368065899e-01 4.981742514932737675e-01 -7.646325129133467735e-01 3.073474884033203125e+00
-0.000000000000000000e+00 -8.378607608912097549e-01 -5.458840035747548614e-01 1.811079978942871094e+00
-9.126009339547397348e-01 2.231854845367847728e-01 -3.425606148362905223e-01 -1.889629960060119407e+00
0.000000000000000000e+00 0.000000000000000000e+00 0.000000000000000000e+00 1.000000000000000000e+00
2.844239436990043113e-01 5.828990102594223677e-01 -7.611384657795789987e-01 3.004029989242553267e+00
2.112583624090888509e-17 -7.939288319922397363e-01 -6.080106986981710371e-01 1.818254947662353738e+00
-9.586986076190501249e-01 1.729328007349208163e-01 -2.258123694115769797e-01 -2.057344913482666016e+00
0.000000000000000000e+00 0.000000000000000000e+00 0.000000000000000000e+00 1.000000000000000000e+00
5.848479136033128689e-02 6.789198837489107685e-01 -7.318793074202221138e-01 2.973264932632445845e+00
-0.000000000000000000e+00 -7.331342135242637781e-01 -6.800839837550647360e-01 1.829195022583008035e+00
-9.982882996306919887e-01 3.977456989741789267e-02 -4.287720151708713373e-02 -2.243274927139282227e+00
0.000000000000000000e+00 0.000000000000000000e+00 0.000000000000000000e+00 1.000000000000000000e+00
-2.207947167659322363e-01 6.893886535670366023e-01 -6.899224430189817570e-01 2.947645187377929688e+00
-0.000000000000000000e+00 -7.073803765187282044e-01 -7.068330799532676068e-01 1.824270009994507058e+00
-9.753203027971129035e-01 -1.560650096890732474e-01 1.561858498792310646e-01 -2.395635128021240234e+00
0.000000000000000000e+00 0.000000000000000000e+00 0.000000000000000000e+00 1.000000000000000000e+00
-3.854498691454847359e-01 6.341672032853511443e-01 -6.702688689272121580e-01 2.960535049438476118e+00
-0.000000000000000000e+00 -7.263985741654953587e-01 -6.872736801670316087e-01 1.817359924316405806e+00
-9.227287783394039211e-01 -2.649095500875180420e-01 2.799902353595568050e-01 -2.459954977035522905e+00
0.000000000000000000e+00 0.000000000000000000e+00 0.000000000000000000e+00 1.000000000000000000e+00
-4.470967333180914105e-01 5.499498147705222939e-01 -7.054500069389464390e-01 3.029150009155273438e+00
-0.000000000000000000e+00 -7.886655716339813216e-01 -6.148224264934105676e-01 1.775364995002746804e+00
-8.944856125485145526e-01 -2.748850984559061406e-01 3.526098007579984150e-01 -2.426609992980956587e+00
0.000000000000000000e+00 0.000000000000000000e+00 0.000000000000000000e+00 1.000000000000000000e+00
-4.522263411109356257e-01 4.524500698559171252e-01 -7.686223199288395591e-01 3.150259971618652344e+00
-0.000000000000000000e+00 -8.617777255639547107e-01 -5.072860649789396881e-01 1.727659940719604270e+00
-8.919032102226203129e-01 -2.294081210619903222e-01 3.897185876826913531e-01 -2.379624843597411665e+00
0.000000000000000000e+00 0.000000000000000000e+00 0.000000000000000000e+00 1.000000000000000000e+00
-4.926315597945670754e-01 3.671316030068635383e-01 -7.890047733493015247e-01 3.164375066757201704e+00
-4.379856329557737592e-17 -9.066540293105125325e-01 -4.218749472711223469e-01 1.705120086669921875e+00
-8.702379825624549925e-01 -2.078289133124236465e-01 4.466463886532670013e-01 -2.344655036926269087e+00
0.000000000000000000e+00 0.000000000000000000e+00 0.000000000000000000e+00 1.000000000000000000e+00
-5.598592601566060312e-01 2.286534529844936048e-01 -7.964139672652443824e-01 3.163525104522705966e+00
-2.210492808977350072e-17 -9.611703728817410086e-01 -2.759556382724860923e-01 1.627115011215210183e+00
-8.285877194461052087e-01 -1.544963194792780270e-01 5.381201338460205319e-01 -2.295374870300292525e+00
0.000000000000000000e+00 0.000000000000000000e+00 0.000000000000000000e+00 1.000000000000000000e+00
-5.958967744471489469e-01 7.771385468692693088e-02 -7.992919310196886507e-01 3.146510124206542969e+00
5.546201907594755243e-18 -9.953065720539098216e-01 -9.677203948607807082e-02 1.499650001525878684e+00
-8.030610401479353344e-01 -5.766614618642606355e-02 5.930999758729735838e-01 -2.226454973220825195e+00
0.000000000000000000e+00 0.000000000000000000e+00 0.000000000000000000e+00 1.000000000000000000e+00
-6.466273140817200282e-01 -8.183422520566151215e-02 -7.584037686275363344e-01 3.093164920806885210e+00
-0.000000000000000000e+00 -9.942287926924048280e-01 1.072805097928005297e-01 1.323385000228881836e+00
-7.628060806544874062e-01 6.937050790063627181e-02 6.428954938014009857e-01 -2.193200111389160156e+00
0.000000000000000000e+00 0.000000000000000000e+00 0.000000000000000000e+00 1.000000000000000000e+00
-6.562084637140758181e-01 -1.965068220698933665e-01 -7.285434242582959907e-01 3.086704969406127930e+00
2.022114210127035663e-17 -9.654957190105598608e-01 2.604189251423215667e-01 1.158344984054565430e+00
-7.545796526212541488e-01 1.708891027897136705e-01 6.335664624944364887e-01 -2.152664899826049805e+00
0.000000000000000000e+00 0.000000000000000000e+00 0.000000000000000000e+00 1.000000000000000000e+00
-6.650101047841356916e-01 -2.860977029556119877e-01 -6.898620622258592183e-01 3.078189849853516069e+00
-0.000000000000000000e+00 -9.237149489004361502e-01 3.830805309303310646e-01 9.653970003128048427e-01
-7.468343595034930837e-01 2.547524240147417407e-01 6.142797749589515854e-01 -2.062505006790161133e+00
0.000000000000000000e+00 0.000000000000000000e+00 0.000000000000000000e+00 1.000000000000000000e+00
-6.947930892670182157e-01 -3.585909286389734607e-01 -6.234381356675510188e-01 3.041059970855713335e+00
-0.000000000000000000e+00 -8.668377990807024647e-01 4.985902426691921629e-01 7.829344868659969814e-01
-7.192096795141130761e-01 3.464170549825202894e-01 6.022729123167042120e-01 -1.934565067291259988e+00
0.000000000000000000e+00 0.000000000000000000e+00 0.000000000000000000e+00 1.000000000000000000e+00
-7.159325694991022226e-01 -4.153270463996253659e-01 -5.611987174427401914e-01 3.043059825897216797e+00
-0.000000000000000000e+00 -8.038145063843107341e-01 5.948800209505669123e-01 5.839534997940061256e-01
-6.981694321082906329e-01 4.258939819428190776e-01 5.754769849563720063e-01 -1.807595014572143777e+00
0.000000000000000000e+00 0.000000000000000000e+00 0.000000000000000000e+00 1.000000000000000000e+00
-7.698332200478339438e-01 -3.821777614274036172e-01 -5.111721549352253868e-01 3.056479930877685547e+00
2.079322211026561932e-16 -8.009025864806006423e-01 5.987946617737035515e-01 5.305659770965577282e-01
-6.382451044158375941e-01 4.609720226207036364e-01 6.165614170949993422e-01 -1.797795057296752708e+00
0.000000000000000000e+00 0.000000000000000000e+00 0.000000000000000000e+00 1.000000000000000000e+00
-7.947331657906736568e-01 -3.650436233414525722e-01 -4.849147845241237320e-01 3.061669826507568803e+00
-6.948229344577840811e-17 -7.989251430593148351e-01 6.014304746083731779e-01 5.168404579162594326e-01
-6.069589732365224810e-01 4.779767450884997992e-01 6.349323081732963781e-01 -1.831069946289062722e+00
0.000000000000000000e+00 0.000000000000000000e+00 0.000000000000000000e+00 1.000000000000000000e+00
-7.873219157755060316e-01 -3.727639139842977012e-01 -4.910919113268859548e-01 3.046040058135986328e+00
-6.969156436686248687e-17 -7.965261181258933565e-01 6.046041210108438202e-01 5.184170007705687366e-01
-6.165421323312680890e-01 4.760180748400235085e-01 6.271224692881056662e-01 -1.861330032348632812e+00
0.000000000000000000e+00 0.000000000000000000e+00 0.000000000000000000e+00 1.000000000000000000e+00
-8.000454135476888773e-01 -3.610571135883980376e-01 -4.791295200554043787e-01 2.927769899368286133e+00
1.390159771082866539e-16 -7.986298033645058414e-01 6.018225961011852698e-01 5.368314981460570179e-01
-5.999394438285480247e-01 4.814854077801163923e-01 6.389401113042654234e-01 -1.818429946899414062e+00
0.000000000000000000e+00 0.000000000000000000e+00 0.000000000000000000e+00 1.000000000000000000e+00
-8.197806319226085270e-01 -3.380082702826749941e-01 -4.622879240744700580e-01 2.801815032958984375e+00
1.375333214572029024e-16 -8.072393023465456174e-01 5.902242868156667432e-01 5.776720046997074753e-01
-5.726776715784969163e-01 4.838544388218180003e-01 6.617591453904165810e-01 -1.788939952850341353e+00
0.000000000000000000e+00 0.000000000000000000e+00 0.000000000000000000e+00 1.000000000000000000e+00
-8.237626675411032773e-01 -3.073733124773285197e-01 -4.763787509348840765e-01 2.707669973373413530e+00
6.606340724666695715e-17 -8.402707874874025817e-01 5.421669518656594411e-01 6.653305292129515491e-01
-5.669348001010042770e-01 4.466168945214846753e-01 6.921837053574864118e-01 -1.759914994239807573e+00
0.000000000000000000e+00 0.000000000000000000e+00 0.000000000000000000e+00 1.000000000000000000e+00
-8.143228464049998561e-01 -2.833346265742539005e-01 -5.065567995860749129e-01 2.613275051116943359e+00
-1.272092230386555916e-16 -8.727535614990653556e-01 4.881610603998406406e-01 7.889789938926695667e-01
-5.804121826967959530e-01 3.975207042088813592e-01 7.107031644100202383e-01 -1.729789972305297852e+00
0.000000000000000000e+00 0.000000000000000000e+00 0.000000000000000000e+00 1.000000000000000000e+00
-8.067140759525752713e-01 -2.739422862974958961e-01 -5.236105646738647978e-01 2.520354986190796343e+00
-0.000000000000000000e+00 -8.860609001182301325e-01 4.635688527949991533e-01 8.715540170669553444e-01
-5.909419596373087780e-01 3.739675187229131170e-01 7.147978002765854599e-01 -1.709044933319092019e+00
0.000000000000000000e+00 0.000000000000000000e+00 0.000000000000000000e+00 1.000000000000000000e+00
-8.148235172318069042e-01 -2.692805081618362406e-01 -5.133718376480057577e-01 2.373490095138550249e+00
-6.268423183307472227e-17 -8.855680225783334469e-01 4.645097172145056241e-01 8.962905406951903187e-01
-5.797090958109828440e-01 3.784934415690753284e-01 7.215816509052941363e-01 -1.696025013923645242e+00
0.000000000000000000e+00 0.000000000000000000e+00 0.000000000000000000e+00 1.000000000000000000e+00
-8.588072157952443275e-01 -2.503916039214303946e-01 -4.469387103213079970e-01 2.144470214843750000e+00
-0.000000000000000000e+00 -8.724178553445411932e-01 4.887607652789155432e-01 9.101610183715822533e-01
-5.122989030810242150e-01 4.197512720191384217e-01 7.492387493585034308e-01 -1.700459957122802512e+00
0.000000000000000000e+00 0.000000000000000000e+00 0.000000000000000000e+00 1.000000000000000000e+00
-9.261880551979518872e-01 -1.799988815119867303e-01 -3.313247486425813237e-01 1.861404895782470703e+00
3.158704711104328744e-17 -8.787011814702099244e-01 4.773722171250202040e-01 9.510415196418764427e-01
-3.770619132299574128e-01 4.421364453845567644e-01 8.138425383660360390e-01 -1.744629979133605513e+00
0.000000000000000000e+00 0.000000000000000000e+00 0.000000000000000000e+00 1.000000000000000000e+00
-9.659789489446118926e-01 -1.184461120416302193e-01 -2.299025635744076923e-01 1.600280046463012695e+00
-0.000000000000000000e+00 -8.889565188260690753e-01 4.579916021464112141e-01 9.544260501861573376e-01
-2.586207072062540746e-01 4.424102464668491219e-01 8.587132837130673213e-01 -1.829164981842041016e+00
0.000000000000000000e+00 0.000000000000000000e+00 0.000000000000000000e+00 1.000000000000000000e+00
-9.822068209274275041e-01 -8.534031463996044620e-02 -1.672925330694374768e-01 1.334300041198730469e+00
-0.000000000000000000e+00 -8.907899306687387941e-01 4.544153380104852258e-01 9.391285181045530006e-01
-1.878024518573606638e-01 4.463298445279411664e-01 8.749399459163055282e-01 -1.872375011444092019e+00
0.000000000000000000e+00 0.000000000000000000e+00 0.000000000000000000e+00 1.000000000000000000e+00
-9.854471835304584593e-01 -7.522926521072853534e-02 -1.524283639213529218e-01 1.200974941253662109e+00
-1.547594401865112420e-17 -8.967328772376909063e-01 4.425721939763188062e-01 9.258575439453123890e-01
-1.699819063073671477e-01 4.361315220628591560e-01 8.836828882530470830e-01 -1.881420016288757324e+00
0.000000000000000000e+00 0.000000000000000000e+00 0.000000000000000000e+00 1.000000000000000000e+00
-9.713795827485987022e-01 -9.780150167923230831e-02 -2.164637902478042664e-01 1.186754941940307617e+00
1.522853381002825539e-17 -9.113016381574233771e-01 4.117393888026704141e-01 9.148304462432860218e-01
-2.375325371799793528e-01 3.999552356963010924e-01 8.852198050314723510e-01 -1.901800036430358887e+00
0.000000000000000000e+00 0.000000000000000000e+00 0.000000000000000000e+00 1.000000000000000000e+00
-9.484158966136194691e-01 -1.290109363549647170e-01 -2.895918944849792953e-01 1.151915073394775391e+00
3.038523584791286992e-17 -9.134559874589690542e-01 4.069375369456101343e-01 8.783035278320312500e-01
-3.170288426162265472e-01 3.859460289680087253e-01 8.663361793629772434e-01 -1.960584998130798118e+00
0.000000000000000000e+00 0.000000000000000000e+00 0.000000000000000000e+00 1.000000000000000000e+00
-9.037948725973015129e-01 -1.748256552536635866e-01 -3.906287477029241617e-01 1.127024888992309348e+00
-0.000000000000000000e+00 -9.127566703093303868e-01 4.085036851802250069e-01 8.310149908065798119e-01
-4.279659195155937068e-01 3.692035361029895602e-01 8.249447985545583784e-01 -2.011179924011230025e+00
0.000000000000000000e+00 0.000000000000000000e+00 0.000000000000000000e+00 1.000000000000000000e+00
-8.459288008274823412e-01 -2.172477996137751610e-01 -4.870398931232952644e-01 1.143280029296875000e+00
6.078324797235068712e-17 -9.132639844535611617e-01 4.073682544087175450e-01 7.732934951782226562e-01
-5.332958502844156179e-01 3.446045389471510401e-01 7.725563072077292759e-01 -2.087315082550048828e+00
0.000000000000000000e+00 0.000000000000000000e+00 0.000000000000000000e+00 1.000000000000000000e+00
-7.658975220986666832e-01 -2.666990851950322705e-01 -5.850406683293525312e-01 1.189604997634887695e+00
-6.100703684043109986e-17 -9.099139067588513097e-01 4.147971580023717131e-01 6.830264925956724964e-01
-6.429626627131023175e-01 3.176921154875855802e-01 6.969008065097215265e-01 -2.119810104370117188e+00
0.000000000000000000e+00 0.000000000000000000e+00 0.000000000000000000e+00 1.000000000000000000e+00
-6.864563749101183499e-01 -3.069346836398882394e-01 -6.592182835177894384e-01 1.258159995079040971e+00
-1.224665628310916260e-16 -9.065519591305903901e-01 4.220942375779233036e-01 5.986689925193785511e-01
-7.271709876949569162e-01 2.897492801981916277e-01 6.223083715324511100e-01 -2.119005203247070757e+00
0.000000000000000000e+00 0.000000000000000000e+00 0.000000000000000000e+00 1.000000000000000000e+00
-6.556754625687859495e-01 -3.294778932203952238e-01 -6.793629410442245664e-01 1.347784996032714844e+00
3.771221896121803893e-17 -8.997674125405430434e-01 4.363698011206738614e-01 5.085664987564088024e-01
-7.550428383775376062e-01 2.861169712008470034e-01 5.899554144218401852e-01 -2.119840145111083984e+00
0.000000000000000000e+00 0.000000000000000000e+00 0.000000000000000000e+00 1.000000000000000000e+00
-6.302723091998843064e-01 -3.478342454265287986e-01 -6.940952052596259803e-01 1.447639942169189897e+00
3.853002390805804707e-17 -8.940215331347910466e-01 4.480239929862211423e-01 4.468789994716644842e-01
-7.763741470810612277e-01 2.823771166363783780e-01 5.634770161632857155e-01 -2.106460094451904297e+00
0.000000000000000000e+00 0.000000000000000000e+00 0.000000000000000000e+00 1.000000000000000000e+00
-6.127262840293092871e-01 -3.766180538725690807e-01 -6.947843855160196203e-01 1.528315067291259766e+00
-3.856828109749629298e-17 -8.791453962849327119e-01 4.765536404131316961e-01 3.433240056037902277e-01
-7.902951985553461345e-01 2.919969412309778578e-01 5.386754917871413584e-01 -2.098155021667480469e+00
0.000000000000000000e+00 0.000000000000000000e+00 0.000000000000000000e+00 1.000000000000000000e+00
-5.951959087093661172e-01 -4.002601705196716098e-01 -6.968024297827867253e-01 1.554209947586059570e+00
-0.000000000000000000e+00 -8.671219825911122836e-01 4.980958414876184848e-01 3.212620019912719727e-01
-8.035806308365279760e-01 2.964646069985793497e-01 5.161074563901841827e-01 -2.060255050659179688e+00
0.000000000000000000e+00 0.000000000000000000e+00 0.000000000000000000e+00 1.000000000000000000e+00
-5.717915167247545893e-01 -4.199796868938916461e-01 -7.047492632121821199e-01 1.548764944076538086e+00
-0.000000000000000000e+00 -8.590323653158944417e-01 5.119212784596668397e-01 3.372794985771178644e-01
-8.203989647736061874e-01 2.927122442541282843e-01 4.911874190796287620e-01 -2.054490089416503906e+00
0.000000000000000000e+00 0.000000000000000000e+00 0.000000000000000000e+00 1.000000000000000000e+00
-5.491099388390836555e-01 -4.337599110780343548e-01 -7.143742818787035542e-01 1.550740003585815652e+00
3.965573879708992079e-17 -8.547701743054834100e-01 5.190066946752935895e-01 4.080415070056915838e-01
-8.357501271720738645e-01 2.849917343702254025e-01 4.693627981343569400e-01 -2.100909948348999023e+00
0.000000000000000000e+00 0.000000000000000000e+00 0.000000000000000000e+00 1.000000000000000000e+00
-5.276243900575416923e-01 -4.445251484328919256e-01 -7.238852778079702954e-01 1.581385016441345659e+00
4.018370513047933059e-17 -8.521532789825949639e-01 5.232922597547301491e-01 4.857479929924011786e-01
-8.494777825325432463e-01 2.761017593749221510e-01 4.496168540587255902e-01 -2.223895072937011719e+00
0.000000000000000000e+00 0.000000000000000000e+00 0.000000000000000000e+00 1.000000000000000000e+00
-4.929124879046703489e-01 -4.554145067867202412e-01 -7.413736617090173064e-01 1.585554957389831543e+00
4.115450545400064594e-17 -8.520763669292034104e-01 5.234174862580820431e-01 6.015540361404418945e-01
-8.700788925537891183e-01 2.579990153642798822e-01 4.199990819078464055e-01 -2.372255086898803711e+00
0.000000000000000000e+00 0.000000000000000000e+00 0.000000000000000000e+00 1.000000000000000000e+00
-4.114368552725192196e-01 -5.020194698380027187e-01 -7.607208200299442336e-01 1.571254968643188255e+00
-0.000000000000000000e+00 -8.346377892712969482e-01 5.507992018152547686e-01 6.134554743766785778e-01
-9.114382667649304492e-01 2.266190914814820156e-01 3.434007473093900753e-01 -2.414144992828369585e+00
0.000000000000000000e+00 0.000000000000000000e+00 0.000000000000000000e+00 1.000000000000000000e+00
-3.007074409013629213e-01 -5.716413397263819807e-01 -7.634141822774714869e-01 1.538939952850341575e+00
-2.118900006224587118e-17 -8.004624390323824557e-01 5.993829190912344229e-01 5.453989505767822266e-01
-9.537164332161595093e-01 1.802389037199138011e-01 2.407050115790910216e-01 -2.424870014190673828e+00
0.000000000000000000e+00 0.000000000000000000e+00 0.000000000000000000e+00 1.000000000000000000e+00
-1.557384498586749655e-01 -6.329860206868660466e-01 -7.583364905176481763e-01 1.508860111236572266e+00
-0.000000000000000000e+00 -7.677037606054746277e-01 6.408049125531203316e-01 4.235579967498779297e-01
-9.877983272083513677e-01 9.979796374284670424e-02 1.195609936273718948e-01 -2.425479888916015625e+00
0.000000000000000000e+00 0.000000000000000000e+00 0.000000000000000000e+00 1.000000000000000000e+00
-1.325515859506873513e-02 -6.683608221599783850e-01 -7.437191083818255333e-01 1.429749965667724831e+00
-0.000000000000000000e+00 -7.437844524297348991e-01 6.684195451389790543e-01 3.284404873847961981e-01
-9.999121465261934238e-01 8.860007078860870564e-03 9.858980877502490636e-03 -2.451149940490722656e+00
0.000000000000000000e+00 0.000000000000000000e+00 0.000000000000000000e+00 1.000000000000000000e+00
1.175684584443894981e-01 -6.684001629215261531e-01 -7.344514141762455983e-01 1.383024930953979492e+00
-0.000000000000000000e+00 -7.395805680104573510e-01 6.730680377356579314e-01 3.064724802970886786e-01
-9.930647801523372342e-01 -7.913157162477146844e-02 -8.695134727641540273e-02 -2.459509849548339844e+00
0.000000000000000000e+00 0.000000000000000000e+00 0.000000000000000000e+00 1.000000000000000000e+00
9.729158132598851594e-02 -6.517824544566245271e-01 -7.521396015804424628e-01 1.380919933319091797e+00
-0.000000000000000000e+00 -7.557248198594270772e-01 6.548893010642612422e-01 3.486669957637787975e-01
-9.952559209585687405e-01 -6.371521569401335239e-02 -7.352566277142147388e-02 -2.467700004577637163e+00
0.000000000000000000e+00 0.000000000000000000e+00 0.000000000000000000e+00 1.000000000000000000e+00
9.619242477155974524e-02 -6.197777907689456800e-01 -7.788597482770135416e-01 1.385385036468506081e+00
-0.000000000000000000e+00 -7.824883370789417203e-01 6.226652409886329620e-01 3.801200091838836115e-01
-9.953627566955515205e-01 -5.989567935166419110e-02 -7.526945049908899399e-02 -2.476270198822021040e+00
0.000000000000000000e+00 0.000000000000000000e+00 0.000000000000000000e+00 1.000000000000000000e+00
1.086641638499563078e-01 -6.041386659243928037e-01 -7.894356033457603505e-01 1.409844994544982910e+00
1.095561979116644718e-17 -7.941380778607853852e-01 6.077373719721186340e-01 3.797674775123597857e-01
-9.940785177715039111e-01 -6.603927336572014417e-02 -8.629435021215373092e-02 -2.408164978027343750e+00
0.000000000000000000e+00 0.000000000000000000e+00 0.000000000000000000e+00 1.000000000000000000e+00
9.050060469496903903e-02 -5.844765513411510627e-01 -8.063478166909112677e-01 1.455615043640137163e+00
5.595161949665468223e-18 -8.096703796474655768e-01 5.868848918838589501e-01 3.962965011596680243e-01
-9.958964005105376271e-01 -5.311343760183075136e-02 -7.327565896170076809e-02 -2.384425163269043413e+00
0.000000000000000000e+00 0.000000000000000000e+00 0.000000000000000000e+00 1.000000000000000000e+00
8.202406534222814183e-02 -5.615089326333294606e-01 -8.233952703760892833e-01 1.514780044555664285e+00
-5.713452422118690000e-18 -8.261792058984026577e-01 5.634074189617003237e-01 4.164940118789673962e-01
-9.966303490787012942e-01 -4.621296694721060277e-02 -6.776657716900072459e-02 -2.333189964294433594e+00
0.000000000000000000e+00 0.000000000000000000e+00 0.000000000000000000e+00 1.000000000000000000e+00
8.011735684547997838e-02 -5.335698244919854227e-01 -8.419527608623217363e-01 1.582124948501586692e+00
-0.000000000000000000e+00 -8.446679986305966059e-01 5.352905492247944652e-01 4.310399889945982221e-01
-9.967854378611747945e-01 -4.288606394825581619e-02 -6.767256746224491193e-02 -2.246984958648681641e+00
0.000000000000000000e+00 0.000000000000000000e+00 0.000000000000000000e+00 1.000000000000000000e+00
9.634277097820034830e-02 -4.880536838587635207e-01 -8.674800701757544585e-01 1.582054972648620828e+00
-0.000000000000000000e+00 -8.715342595687413096e-01 4.903346147254604714e-01 4.813069999217988726e-01
-9.953482156914945644e-01 -4.724019548917913341e-02 -8.396602556928665917e-02 -2.146325111389159712e+00
0.000000000000000000e+00 0.000000000000000000e+00 0.000000000000000000e+00 1.000000000000000000e+00
1.024328345562710296e-01 -4.568456711793805192e-01 -8.836286251188498753e-01 1.577135086059570312e+00
-0.000000000000000000e+00 -8.883011576094212991e-01 4.592614216214573886e-01 4.824295043945314720e-01
-9.947399229973469259e-01 -4.704344921902857413e-02 -9.099120551354988873e-02 -2.073784828186035156e+00
0.000000000000000000e+00 0.000000000000000000e+00 0.000000000000000000e+00 1.000000000000000000e+00
9.571479624550488507e-02 -4.753009477903029079e-01 -8.746014445502139356e-01 1.536540031433105469e+00
-0.000000000000000000e+00 -8.786354361551010905e-01 4.774932149596842756e-01 4.291164875030518133e-01
-9.954087993280356095e-01 -4.570316577847723799e-02 -8.409841174566579092e-02 -2.030604839324950728e+00
0.000000000000000000e+00 0.000000000000000000e+00 0.000000000000000000e+00 1.000000000000000000e+00
8.359694952544119428e-02 -5.456778501589301111e-01 -8.338148678669438096e-01 1.461709976196289285e+00
-5.785752903629147526e-18 -8.367437649205341499e-01 5.475946236648147059e-01 3.533405065536498468e-01
-9.964996487857086249e-01 -4.577724011491046685e-02 -6.994922628178951163e-02 -2.015059947967529297e+00
0.000000000000000000e+00 0.000000000000000000e+00 0.000000000000000000e+00 1.000000000000000000e+00
7.636104551091073278e-02 -6.178824513478646807e-01 -7.825536831712147645e-01 1.398910045623779297e+00
-0.000000000000000000e+00 -7.848452485503825127e-01 6.196918071331011246e-01 3.274455070495604914e-01
-9.970802328441180640e-01 -4.732031428722925648e-02 -5.993160374357779652e-02 -1.957624912261963335e+00
0.000000000000000000e+00 0.000000000000000000e+00 0.000000000000000000e+00 1.000000000000000000e+00
6.340119930153347017e-02 -6.728906932149032460e-01 -7.370199474314749200e-01 1.374394893646240234e+00
-0.000000000000000000e+00 -7.385057322456488604e-01 6.742471975769110948e-01 3.610244989395142157e-01
-9.979881201332646556e-01 -4.274808095207414949e-02 -4.682214911543128993e-02 -1.886975049972534402e+00
0.000000000000000000e+00 0.000000000000000000e+00 0.000000000000000000e+00 1.000000000000000000e+00
5.717279958953754015e-02 -7.123168979652909627e-01 -6.995254876415866185e-01 1.395539999008178489e+00
4.942691380941466211e-18 -7.006715777299870052e-01 7.134839452723311659e-01 4.090580046176912066e-01
-9.983642977325936085e-01 -4.079187461340755272e-02 -4.005935569164160992e-02 -1.806995034217834695e+00
0.000000000000000000e+00 0.000000000000000000e+00 0.000000000000000000e+00 1.000000000000000000e+00
7.385135874738711637e-02 -7.388906588714182488e-01 -6.697660569510266448e-01 1.439909934997558372e+00
-1.025416777699375750e-17 -6.716000220389096720e-01 7.409139021487824994e-01 4.468134939670562189e-01
-9.972692599349308740e-01 -5.471749838851622250e-02 -4.959857416234862010e-02 -1.741529941558838113e+00
0.000000000000000000e+00 0.000000000000000000e+00 0.000000000000000000e+00 1.000000000000000000e+00
1.481618699174657161e-01 -7.680800168553769680e-01 -6.229776464769851696e-01 1.437234997749328613e+00
0.000000000000000000e+00 -6.299301070621657894e-01 7.766518268932663949e-01 4.830855131149291437e-01
-9.889631238335226948e-01 -1.150701869473222394e-01 -9.333162257963988073e-02 -1.673424959182739258e+00
0.000000000000000000e+00 0.000000000000000000e+00 0.000000000000000000e+00 1.000000000000000000e+00
2.311036473371995692e-01 -7.963118409578541224e-01 -5.589978140724313205e-01 1.461465001106262207e+00
0.000000000000000000e+00 -5.745514171978933771e-01 8.184684899224232701e-01 4.383199810981751043e-01
-9.729291362619598704e-01 -1.891510532516419985e-01 -1.327809280971901928e-01 -1.666305065155029297e+00
0.000000000000000000e+00 0.000000000000000000e+00 0.000000000000000000e+00 1.000000000000000000e+00
3.116196045546616999e-01 -8.078434392502179540e-01 -5.002821201258101924e-01 1.508034944534301758e+00
-2.242215966369914390e-17 -5.264980720942293857e-01 8.501763229360480567e-01 4.112699925899506170e-01
-9.502069364392137230e-01 -2.649316095550677264e-01 -1.640671210247955647e-01 -1.669854998588562012e+00
0.000000000000000000e+00 0.000000000000000000e+00 0.000000000000000000e+00 1.000000000000000000e+00
4.304274157189134087e-01 -7.812736055748445985e-01 -4.520440166948565541e-01 1.542140007019042969e+00
0.000000000000000000e+00 -5.008103252489499724e-01 8.655570565387592508e-01 3.338599801063536487e-01
-9.026251934205791194e-01 -3.725594870032475359e-01 -2.155624940622540009e-01 -1.671895027160644753e+00
0.000000000000000000e+00 0.000000000000000000e+00 0.000000000000000000e+00 1.000000000000000000e+00
4.413104877767650702e-01 -7.876774790964858886e-01 -4.298944548403000332e-01 1.630924940109253152e+00
2.186244183179047697e-17 -4.790687146833005339e-01 8.777774015157204790e-01 2.857800126075745184e-01
-8.973544747635874286e-01 -3.873723732223238736e-01 -2.114180481554752411e-01 -1.738515019416808860e+00
0.000000000000000000e+00 0.000000000000000000e+00 0.000000000000000000e+00 1.000000000000000000e+00
3.393469175296372486e-01 -8.493333118814690996e-01 -4.043223897975338765e-01 1.745115041732788308e+00
2.357373496079864763e-17 -4.298278163278431152e-01 9.029108750651073656e-01 2.835299968719482977e-01
-9.406612937519719386e-01 -3.064000222573315946e-01 -1.458607445393486635e-01 -1.855454921722412331e+00
0.000000000000000000e+00 0.000000000000000000e+00 0.000000000000000000e+00 1.000000000000000000e+00
2.242156659101111338e-01 -9.082414610228339846e-01 -3.533055103442251377e-01 1.853749990463256614e+00
-1.260438227433427461e-17 -3.625358357431611167e-01 9.319698320235519917e-01 3.243799805641173206e-01
-9.745395503315837926e-01 -2.089622364952951339e-01 -8.128621382743156376e-02 -1.950540065765381081e+00
0.000000000000000000e+00 0.000000000000000000e+00 0.000000000000000000e+00 1.000000000000000000e+00
3.133942714989415568e-02 -9.618042282166895385e-01 -2.719383512681035620e-01 1.964400053024291992e+00
1.668464373981246308e-18 -2.720719931633726052e-01 9.622768990971932723e-01 3.543289899826050360e-01
-9.995087995139996240e-01 -3.015720677728252891e-02 -8.526580409270014330e-03 -2.044165134429931197e+00
0.000000000000000000e+00 0.000000000000000000e+00 0.000000000000000000e+00 1.000000000000000000e+00
-4.362042230572921175e-01 -8.621713388332374883e-01 -2.576556971648151784e-01 2.111410140991210938e+00
0.000000000000000000e+00 -2.863325631031571894e-01 9.581302955792476705e-01 3.406739830970765270e-01
-8.998476958835778250e-01 4.179404811707993495e-01 1.248994732244157330e-01 -2.163495063781737837e+00
0.000000000000000000e+00 0.000000000000000000e+00 0.000000000000000000e+00 1.000000000000000000e+00
-7.248338377147170997e-01 -6.409633255896072246e-01 -2.525508324137267224e-01 2.214594841003418413e+00
5.966480126781101541e-17 -3.665875058416215859e-01 9.303835771125900100e-01 3.292109966278076172e-01
-6.889237314128142664e-01 6.743734987452650875e-01 2.657150287174488423e-01 -2.320360183715820312e+00
0.000000000000000000e+00 0.000000000000000000e+00 0.000000000000000000e+00 1.000000000000000000e+00
-8.177506771824057941e-01 -5.020270482427054981e-01 -2.815185123583046622e-01 2.274330139160156250e+00
6.364338004964964081e-17 -4.891103350271123196e-01 8.722219213994026887e-01 3.306654989719390314e-01
-5.755726105086280686e-01 7.132600668777007158e-01 3.999703076853344808e-01 -2.425679922103881836e+00
0.000000000000000000e+00 0.000000000000000000e+00 0.000000000000000000e+00 1.000000000000000000e+00
-8.226005784436306589e-01 -4.607515054688814948e-01 -3.332211556194530355e-01 2.294795036315918413e+00
-6.850705885899110820e-17 -5.860176743911679198e-01 8.102982693435589745e-01 3.387550115585329924e-01
-5.686196341529233811e-01 6.665518250738843298e-01 4.820584779323660585e-01 -2.430735111236572710e+00
0.000000000000000000e+00 0.000000000000000000e+00 0.000000000000000000e+00 1.000000000000000000e+00
-8.787031406843122117e-01 -3.090594278544609996e-01 -3.638173451139992687e-01 2.302575111389160156e+00
-7.283677235724613374e-17 -7.621308500463133129e-01 6.474230204492915641e-01 4.076569974422449283e-01
-4.773686107731902606e-01 5.688926414201161963e-01 6.696867715481004124e-01 -2.450510025024414507e+00
0.000000000000000000e+00 0.000000000000000000e+00 0.000000000000000000e+00 1.000000000000000000e+00
-8.764876808657022789e-01 -1.425077207048253691e-01 -4.598487738704740146e-01 2.358850002288818359e+00
-0.000000000000000000e+00 -9.551839928313390349e-01 2.960127359401630853e-01 4.986279904842377819e-01
-4.814242882226268394e-01 2.594515164309050270e-01 8.372070026767818307e-01 -2.470350027084350586e+00
0.000000000000000000e+00 0.000000000000000000e+00 0.000000000000000000e+00 1.000000000000000000e+00
-8.077294872130894587e-01 3.664854299128495613e-02 -5.884130860059925139e-01 2.482419967651367188e+00
-0.000000000000000000e+00 -9.980659955398775152e-01 -6.216324112361822085e-02 5.894240140914916992e-01
-5.895532846880591205e-01 -5.021108287628377881e-02 8.061673347822468916e-01 -2.470600128173828125e+00
0.000000000000000000e+00 0.000000000000000000e+00 0.000000000000000000e+00 1.000000000000000000e+00
-6.804428558206788713e-01 2.160802118392157467e-01 -7.002191528472487825e-01 2.627640008926392046e+00
-1.943498564436342725e-17 -9.555377422909964169e-01 -2.948688234748216286e-01 6.593714952468873181e-01
-7.328011462617937122e-01 -2.006413843376912143e-01 6.501888302089294802e-01 -2.430490016937255859e+00
0.000000000000000000e+00 0.000000000000000000e+00 0.000000000000000000e+00 1.000000000000000000e+00
-5.453782667638206183e-01 2.156974480953058881e-01 -8.099612071123306611e-01 2.812804937362670454e+00
-0.000000000000000000e+00 -9.663216773499457846e-01 -2.573371638212939572e-01 6.633744835853575550e-01
-8.381900417815110194e-01 -1.403460963787746540e-01 5.270108415294211257e-01 -2.391474962234496626e+00
0.000000000000000000e+00 0.000000000000000000e+00 0.000000000000000000e+00 1.000000000000000000e+00
-3.946607006493710323e-01 2.137745658107557956e-01 -8.936125370513612332e-01 3.039215087890624112e+00
