3.936018208286162223e-01 0.000000000000000000e+00 9.192810270207897316e-01 5.146668256812340081e-01
-7.008877164543638738e-01 -6.470703405618783988e-01 3.000939574342043059e-01 3.270331447679537984e+00
5.948394872264157751e-01 -7.624303078741917483e-01 -2.546880642493481450e-01 -5.295100322034714813e-01
0.000000000000000000e+00 0.000000000000000000e+00 0.000000000000000000e+00 1.000000000000000000e+00
2.667853541371936754e-01 0.000000000000000000e+00 9.637559726496599533e-01 9.439847965868138902e-01
-7.619446262059391684e-01 -6.123340817113694934e-01 2.109202668559512772e-01 3.227745909146664260e+00
5.901406285062772428e-01 -7.905991224221627922e-01 -1.633617648396410160e-01 -3.953000608668654769e-01
0.000000000000000000e+00 0.000000000000000000e+00 0.000000000000000000e+00 1.000000000000000000e+00
2.605684053694783953e-01 0.000000000000000000e+00 9.654553879507883352e-01 1.018289404751114624e+00
-7.868104914531471872e-01 -5.795128875791316636e-01 2.123536288104204417e-01 3.320377035269491905e+00
5.594938397001921748e-01 -8.149630747032019507e-01 -1.510027490075561418e-01 -3.001132979029979553e-01
0.000000000000000000e+00 0.000000000000000000e+00 0.000000000000000000e+00 1.000000000000000000e+00
2.630427137224448653e-01 0.000000000000000000e+00 9.647841886958616886e-01 1.073441335876596403e+00
-8.556058296993519496e-01 -4.620833567949315657e-01 2.332758786450320754e-01 3.522529849826431025e+00
4.458107164952583856e-01 -8.868364964147157359e-01 -1.215476601373155080e-01 1.545522848023865026e-01
0.000000000000000000e+00 0.000000000000000000e+00 0.000000000000000000e+00 1.000000000000000000e+00
3.725489809903790861e-01 0.000000000000000000e+00 9.280125304989315094e-01 7.505390815899216639e-01
-8.955625551461220413e-01 -2.621290601399109965e-01 3.595219960590953501e-01 3.724818109676889755e+00
2.432590524177453417e-01 -9.650328262966845205e-01 -9.765591424308961432e-02 9.187738099422105842e-01
0.000000000000000000e+00 0.000000000000000000e+00 0.000000000000000000e+00 1.000000000000000000e+00
6.606434156731338936e-01 0.000000000000000000e+00 7.506998583506825362e-01 -4.454405364582590399e-01
-7.471500910238935145e-01 -9.713321518735870685e-02 6.575194901980883078e-01 3.771735836010964960e+00
7.291789088229655436e-02 -9.952713893744591367e-01 -6.417041905669018664e-02 1.572730933729973080e+00
0.000000000000000000e+00 0.000000000000000000e+00 0.000000000000000000e+00 1.000000000000000000e+00
9.984608068448123097e-01 0.000000000000000000e+00 -5.546185351037391520e-02 -3.238164951005890746e+00
5.541074584984432422e-02 -4.292010107620502363e-02 9.975407330871117750e-01 2.011590810735554236e+00
-2.380428358538925083e-03 -9.990785078879479419e-01 -4.285403875040857263e-02 1.864310291407923037e+00
0.000000000000000000e+00 0.000000000000000000e+00 0.000000000000000000e+00 1.000000000000000000e+00
6.900012767117920109e-01 0.000000000000000000e+00 7.238081500895778841e-01 -6.333475901478383685e-01
-7.228178192708180072e-01 -5.229315041298876476e-02 6.890572012282170089e-01 3.828175353641164680e+00
3.785020846278144835e-02 -9.986317771931176868e-01 -3.608234054824402404e-02 1.722023761197371883e+00
0.000000000000000000e+00 0.000000000000000000e+00 0.000000000000000000e+00 1.000000000000000000e+00
-1.295568134019997875e-01 0.000000000000000000e+00 9.915720004624573036e-01 2.535922801083305256e+00
-9.907445868332818151e-01 -4.084355988930146730e-02 -1.294487051929021637e-01 2.893203470252760923e+00
4.049933038544283048e-02 -9.991655536574352015e-01 5.291561467251632532e-03 1.835257693411142421e+00
0.000000000000000000e+00 0.000000000000000000e+00 0.000000000000000000e+00 1.000000000000000000e+00
-8.103557242041462549e-01 0.000000000000000000e+00 5.859382222125244510e-01 3.755821773024532018e+00
-5.827330274983020253e-01 -1.044531544278069213e-01 -8.059229226127918588e-01 2.824645655320737192e-01
6.120309560991946118e-02 -9.945298077634882050e-01 8.464421160175299164e-02 1.957548916256251381e+00
0.000000000000000000e+00 0.000000000000000000e+00 0.000000000000000000e+00 1.000000000000000000e+00
-9.130958663880190951e-01 0.000000000000000000e+00 4.077449432980289612e-01 3.657962955953498074e+00
-4.017490976129751146e-01 -1.708612060932035992e-01 -8.996688895474468373e-01 -3.184146347885184469e-01
6.966779279030613226e-02 -9.852951071899097579e-01 1.560126610097755939e-01 2.110991735977486350e+00
0.000000000000000000e+00 0.000000000000000000e+00 0.000000000000000000e+00 1.000000000000000000e+00
-9.732477137907669107e-01 0.000000000000000000e+00 2.297583243346048854e-01 3.488153955923003036e+00
-2.276465182719110136e-01 -1.352714483673264356e-01 -9.643021818783167332e-01 -9.909578217139555223e-01
3.107974130719194650e-02 -9.908085764952813124e-01 1.316526278646662218e-01 2.216551538085996143e+00
0.000000000000000000e+00 0.000000000000000000e+00 0.000000000000000000e+00 1.000000000000000000e+00
-8.720492746239528747e-01 0.000000000000000000e+00 -4.894180857179653565e-01 1.765359428224766214e+00
4.876850569457428786e-01 -8.408007251174447194e-02 -8.689613493350824003e-01 -3.062952099386309079e+00
-4.115030813572569807e-02 -9.964590013675524993e-01 7.332196624419612396e-02 2.319998347499526048e+00
0.000000000000000000e+00 0.000000000000000000e+00 0.000000000000000000e+00 1.000000000000000000e+00
1.140251455411045861e-01 0.000000000000000000e+00 -9.934778639629219255e-01 -2.210989738600674936e+00
9.864905515675940206e-01 -1.183929975942397683e-01 1.132231857373497963e-01 -2.640325304388424055e+00
-1.176208223580926665e-01 -9.929668162233067363e-01 -1.349977878173083332e-02 2.390654907319912592e+00
0.000000000000000000e+00 0.000000000000000000e+00 0.000000000000000000e+00 1.000000000000000000e+00
4.368756105561421021e-01 0.000000000000000000e+00 -8.995219290829981063e-01 -3.019693843186571414e+00
8.744760450182554878e-01 -2.343327490497728038e-01 4.247114425254001069e-01 -1.494928262897351257e+00
-2.107874464725736641e-01 -9.721564497151556905e-01 -1.023742628144186928e-01 2.428467823994373109e+00
0.000000000000000000e+00 0.000000000000000000e+00 0.000000000000000000e+00 1.000000000000000000e+00
6.365117236175444893e-01 0.000000000000000000e+00 -7.712670261961306339e-01 -3.364724870016620795e+00
6.915291850972518084e-01 -4.428120039612556957e-01 5.707056292928498475e-01 -3.057405274564730102e-01
-3.415262974591468104e-01 -8.966144818972180408e-01 -2.818550318799177279e-01 2.282692923750994751e+00
0.000000000000000000e+00 0.000000000000000000e+00 0.000000000000000000e+00 1.000000000000000000e+00
6.349659142869678030e-01 0.000000000000000000e+00 -7.725401528035388266e-01 -3.328211623751392789e+00
5.768504074367489798e-01 -6.651687027168884381e-01 4.741246717541583444e-01 1.964568645577729200e-01
-5.138695312370366031e-01 -7.466931075923572969e-01 -4.223594534757053043e-01 2.205910472515550946e+00
0.000000000000000000e+00 0.000000000000000000e+00 0.000000000000000000e+00 1.000000000000000000e+00
5.665549954756791129e-01 0.000000000000000000e+00 -8.240239299325918809e-01 -3.192054496304670419e+00
4.919522823543653334e-01 -8.022322079739971912e-01 3.382402051434690859e-01 3.974336925035787949e-01
-6.610585367332336704e-01 -5.970121309397031784e-01 -4.545086649591520978e-01 2.300566272298014692e+00
0.000000000000000000e+00 0.000000000000000000e+00 0.000000000000000000e+00 1.000000000000000000e+00
4.893498206081030588e-01 0.000000000000000000e+00 -8.720875833715426850e-01 -3.068236438318143300e+00
4.681711845301462227e-01 -8.436843015300679038e-01 2.627023816552895852e-01 4.977281099598518388e-01
-7.357666036498647921e-01 -5.368396402574251436e-01 -4.128567616036113996e-01 2.519978791740876023e+00
0.000000000000000000e+00 0.000000000000000000e+00 0.000000000000000000e+00 1.000000000000000000e+00
4.088514832368065899e-01 0.000000000000000000e+00 -9.126009339547397348e-01 -2.981072831407769907e+00
4.981742514932738231e-01 -8.378607608912098659e-01 2.231854845367847728e-01 4.080447775865359006e-01
-7.646325129133468845e-01 -5.458840035747548614e-01 -3.425606148362904668e-01 2.691405612722513219e+00
0.000000000000000000e+00 0.000000000000000000e+00 0.000000000000000000e+00 1.000000000000000000e+00
2.844239436990043113e-01 0.000000000000000000e+00 -9.586986076190502359e-01 -2.826791760478411852e+00
5.828990102594223677e-01 -7.939288319922397363e-01 1.729328007349208440e-01 4.830133730887643806e-02
-7.611384657795791098e-01 -6.080106986981709261e-01 -2.258123694115770630e-01 2.927427308697139630e+00
0.000000000000000000e+00 0.000000000000000000e+00 0.000000000000000000e+00 1.000000000000000000e+00
5.848479136033129383e-02 0.000000000000000000e+00 -9.982882996306922108e-01 -2.413325891862037054e+00
6.789198837489108795e-01 -7.331342135242638891e-01 3.977456989741789961e-02 -5.883379327650155588e-01
-7.318793074202221138e-01 -6.800839837550647360e-01 -4.287720151708714067e-02 3.323891966585875490e+00
0.000000000000000000e+00 0.000000000000000000e+00 0.000000000000000000e+00 1.000000000000000000e+00
-2.207947167659322363e-01 0.000000000000000000e+00 -9.753203027971127925e-01 -1.685687094179502798e+00
6.893886535670368243e-01 -7.073803765187283155e-01 -1.560650096890732474e-01 -1.115495159844207551e+00
-6.899224430189816459e-01 -7.068330799532674957e-01 1.561858498792310923e-01 3.697265267130258604e+00
0.000000000000000000e+00 0.000000000000000000e+00 0.000000000000000000e+00 1.000000000000000000e+00
-3.854498691454847359e-01 0.000000000000000000e+00 -9.227287783394039211e-01 -1.128733403323242124e+00
6.341672032853513663e-01 -7.263985741654954698e-01 -2.649095500875180975e-01 -1.209012140963739101e+00
-6.702688689272124911e-01 -6.872736801670317197e-01 2.799902353595569160e-01 3.922141495373600684e+00
0.000000000000000000e+00 0.000000000000000000e+00 0.000000000000000000e+00 1.000000000000000000e+00
-4.470967333180914660e-01 0.000000000000000000e+00 -8.944856125485146636e-01 -8.162446521641285591e-01
5.499498147705225159e-01 -7.886655716339815436e-01 -2.748850984559063071e-01 -9.327501646389239065e-01
-7.054500069389463279e-01 -6.148224264934104566e-01 3.526098007579983595e-01 4.084094575259130444e+00
0.000000000000000000e+00 0.000000000000000000e+00 0.000000000000000000e+00 1.000000000000000000e+00
-4.522263411109356812e-01 0.000000000000000000e+00 -8.919032102226204239e-01 -6.977644966166896001e-01
4.524500698559171252e-01 -8.617777255639547107e-01 -2.294081210619902667e-01 -4.823817541639758288e-01
-7.686223199288395591e-01 -5.072860649789397991e-01 3.897185876826912976e-01 4.225161973975313678e+00
0.000000000000000000e+00 0.000000000000000000e+00 0.000000000000000000e+00 1.000000000000000000e+00
-4.926315597945670754e-01 0.000000000000000000e+00 -8.702379825624551035e-01 -4.815368442279777117e-01
3.671316030068635938e-01 -9.066540293105126436e-01 -2.078289133124237020e-01 -1.030752021528346107e-01
-7.890047733493014137e-01 -4.218749472711222359e-01 4.466463886532669458e-01 4.263286183874561708e+00
0.000000000000000000e+00 0.000000000000000000e+00 0.000000000000000000e+00 1.000000000000000000e+00
-5.598592601566060312e-01 0.000000000000000000e+00 -8.285877194461053197e-01 -1.307906045510880688e-01
2.286534529844935770e-01 -9.611703728817408976e-01 -1.544963194792780270e-01 4.859568340123335828e-01
-7.964139672652443824e-01 -2.759556382724860368e-01 5.381201338460206429e-01 4.203674572931547004e+00
0.000000000000000000e+00 0.000000000000000000e+00 0.000000000000000000e+00 1.000000000000000000e+00
-5.958967744471489469e-01 0.000000000000000000e+00 -8.030610401479352234e-01 8.701598714271775725e-02
7.771385468692694476e-02 -9.953065720539100436e-01 -5.766614618642607742e-02 1.119692993772584133e+00
-7.992919310196888727e-01 -9.677203948607811246e-02 5.930999758729738058e-01 3.980614733212542333e+00
0.000000000000000000e+00 0.000000000000000000e+00 0.000000000000000000e+00 1.000000000000000000e+00
-6.466273140817201392e-01 0.000000000000000000e+00 -7.628060806544875172e-01 3.271385436934015623e-01
-8.183422520566152603e-02 -9.942287926924048280e-01 6.937050790063627181e-02 1.721017631427159911e+00
-7.584037686275362233e-01 1.072805097928005019e-01 6.428954938014009857e-01 3.613892984066557901e+00
0.000000000000000000e+00 0.000000000000000000e+00 0.000000000000000000e+00 1.000000000000000000e+00
-6.562084637140757071e-01 0.000000000000000000e+00 -7.545796526212540378e-01 4.011647935918907781e-01
-1.965068220698933665e-01 -9.654957190105598608e-01 1.708891027897136983e-01 2.092802680785566416e+00
-7.285434242582962128e-01 2.604189251423215112e-01 6.335664624944364887e-01 3.310999937913481350e+00
0.000000000000000000e+00 0.000000000000000000e+00 0.000000000000000000e+00 1.000000000000000000e+00
-6.650101047841356916e-01 0.000000000000000000e+00 -7.468343595034931948e-01 5.066777488776714744e-01
-2.860977029556119322e-01 -9.237149489004363723e-01 2.547524240147418517e-01 2.297842836139283307e+00
-6.898620622258592183e-01 3.830805309303311201e-01 6.142797749589516965e-01 3.020656713727047471e+00
0.000000000000000000e+00 0.000000000000000000e+00 0.000000000000000000e+00 1.000000000000000000e+00
-6.947930892670183267e-01 0.000000000000000000e+00 -7.192096795141129650e-01 7.215495297513641049e-01
-3.585909286389734607e-01 -8.668377990807024647e-01 3.464170549825203449e-01 2.439340059698359209e+00
-6.234381356675510188e-01 4.985902426691920519e-01 6.022729123167041010e-01 2.670685400026573397e+00
0.000000000000000000e+00 0.000000000000000000e+00 0.000000000000000000e+00 1.000000000000000000e+00
-7.159325694991022226e-01 0.000000000000000000e+00 -6.981694321082907440e-01 9.166180554884740816e-01
-4.153270463996254214e-01 -8.038145063843107341e-01 4.258939819428191331e-01 2.503099182191677929e+00
-5.611987174427403025e-01 5.948800209505669123e-01 5.754769849563721174e-01 2.400608330211578156e+00
0.000000000000000000e+00 0.000000000000000000e+00 0.000000000000000000e+00 1.000000000000000000e+00
-7.698332200478337217e-01 0.000000000000000000e+00 -6.382451044158377051e-01 1.205545893136505953e+00
-3.821777614274037282e-01 -8.009025864806006423e-01 4.609720226207037475e-01 2.421783545005447902e+00
-5.111721549352253868e-01 5.987946617737035515e-01 6.165614170949993422e-01 2.353138426152118878e+00
0.000000000000000000e+00 0.000000000000000000e+00 0.000000000000000000e+00 1.000000000000000000e+00
-7.947331657906736568e-01 0.000000000000000000e+00 -6.069589732365224810e-01 1.321826219302278949e+00
-3.650436233414525722e-01 -7.989251430593151682e-01 4.779767450884997992e-01 2.405768736679729347e+00
-4.849147845241237320e-01 6.014304746083731779e-01 6.349323081732962670e-01 2.336410829727611826e+00
0.000000000000000000e+00 0.000000000000000000e+00 0.000000000000000000e+00 1.000000000000000000e+00
-7.873219157755061426e-01 0.000000000000000000e+00 -6.165421323312679780e-01 1.250625706984104690e+00
-3.727639139842976457e-01 -7.965261181258935785e-01 4.760180748400235085e-01 2.434413234058492304e+00
-4.910919113268858993e-01 6.046041210108438202e-01 6.271224692881056662e-01 2.349730465106876665e+00
0.000000000000000000e+00 0.000000000000000000e+00 0.000000000000000000e+00 1.000000000000000000e+00
-8.000454135476887663e-01 0.000000000000000000e+00 -5.999394438285481357e-01 1.251401028928564862e+00
-3.610571135883982041e-01 -7.986298033645060634e-01 4.814854077801166143e-01 2.361369267423607532e+00
-4.791295200554044897e-01 6.018225961011854919e-01 6.389401113042656455e-01 2.241571493504759705e+00
0.000000000000000000e+00 0.000000000000000000e+00 0.000000000000000000e+00 1.000000000000000000e+00
-8.197806319226083049e-01 0.000000000000000000e+00 -5.726776715784970273e-01 1.272387731457299775e+00
-3.380082702826750496e-01 -8.072393023465456174e-01 4.838544388218181114e-01 2.278942735973716438e+00
-4.622879240744700580e-01 5.902242868156666322e-01 6.617591453904165810e-01 2.138136582593005208e+00
0.000000000000000000e+00 0.000000000000000000e+00 0.000000000000000000e+00 1.000000000000000000e+00
-8.237626675411032773e-01 0.000000000000000000e+00 -5.669348001010042770e-01 1.232720384632925770e+00
-3.073733124773284642e-01 -8.402707874874025817e-01 4.466168945214845643e-01 2.177331065881542127e+00
-4.763787509348840210e-01 5.421669518656594411e-01 6.921837053574863008e-01 2.147340696680073879e+00
0.000000000000000000e+00 0.000000000000000000e+00 0.000000000000000000e+00 1.000000000000000000e+00
-8.143228464050000781e-01 0.000000000000000000e+00 -5.804121826967959530e-01 1.124058404631973040e+00
-2.833346265742539560e-01 -8.727535614990655777e-01 3.975207042088814147e-01 2.116642865536074058e+00
-5.065567995860749129e-01 4.881610603998406961e-01 7.107031644100202383e-01 2.167990631122186596e+00
0.000000000000000000e+00 0.000000000000000000e+00 0.000000000000000000e+00 1.000000000000000000e+00
-8.067140759525752713e-01 0.000000000000000000e+00 -5.909419596373086669e-01 1.023259481753575839e+00
-2.739422862974958406e-01 -8.860609001182303546e-01 3.739675187229131170e-01 2.101809037161713523e+00
-5.236105646738645758e-01 4.635688527949990423e-01 7.147978002765852379e-01 2.137280760567681348e+00
0.000000000000000000e+00 0.000000000000000000e+00 0.000000000000000000e+00 1.000000000000000000e+00
-8.148235172318069042e-01 0.000000000000000000e+00 -5.797090958109827330e-01 9.507744201411636453e-01
-2.692805081618363516e-01 -8.855680225783337800e-01 3.784934415690754950e-01 2.074795205222299099e+00
-5.133718376480057577e-01 4.645097172145055131e-01 7.215816509052940253e-01 2.025967835703956332e+00
0.000000000000000000e+00 0.000000000000000000e+00 0.000000000000000000e+00 1.000000000000000000e+00
-8.588072157952443275e-01 0.000000000000000000e+00 -5.122989030810242150e-01 9.705427237985732036e-01
-2.503916039214304501e-01 -8.724178553445411932e-01 4.197512720191385327e-01 2.044768290342306560e+00
-4.469387103213081081e-01 4.887607652789157098e-01 7.492387493585036529e-01 1.787646247887295869e+00
0.000000000000000000e+00 0.000000000000000000e+00 0.000000000000000000e+00 1.000000000000000000e+00
-9.261880551979516651e-01 0.000000000000000000e+00 -3.770619132299573573e-01 1.066177462550254473e+00
-1.799988815119867580e-01 -8.787011814702098134e-01 4.421364453845568199e-01 1.942096603703787450e+00
-3.313247486425812682e-01 4.773722171250202040e-01 8.138425383660360390e-01 1.582582801135384631e+00
0.000000000000000000e+00 0.000000000000000000e+00 0.000000000000000000e+00 1.000000000000000000e+00
-9.659789489446117816e-01 0.000000000000000000e+00 -2.586207072062540746e-01 1.072776896098472044e+00
-1.184461120416302193e-01 -8.889565188260691864e-01 4.424102464668491219e-01 1.847231539177011772e+00
-2.299025635744077201e-01 4.579916021464111586e-01 8.587132837130673213e-01 1.501517637274321970e+00
0.000000000000000000e+00 0.000000000000000000e+00 0.000000000000000000e+00 1.000000000000000000e+00
-9.822068209274275041e-01 0.000000000000000000e+00 -1.878024518573606916e-01 9.589219836834863564e-01
-8.534031463996043232e-02 -8.907899306687387941e-01 4.463298445279411109e-01 1.786132660627245627e+00
-1.672925330694374768e-01 4.544153380104852258e-01 8.749399459163055282e-01 1.434679722024959414e+00
0.000000000000000000e+00 0.000000000000000000e+00 0.000000000000000000e+00 1.000000000000000000e+00
-9.854471835304586813e-01 0.000000000000000000e+00 -1.699819063073671477e-01 8.636900124154787139e-01
-7.522926521072854922e-02 -8.967328772376909063e-01 4.361315220628592115e-01 1.741141937004857976e+00
-1.524283639213529495e-01 4.425721939763188062e-01 8.836828882530470830e-01 1.435882514883579653e+00
0.000000000000000000e+00 0.000000000000000000e+00 0.000000000000000000e+00 1.000000000000000000e+00
-9.713795827485987022e-01 0.000000000000000000e+00 -2.375325371799793528e-01 7.010501324645331822e-01
-9.780150167923229443e-02 -9.113016381574233771e-01 3.999552356963010924e-01 1.710387781562543674e+00
-2.164637902478042664e-01 4.117393888026704696e-01 8.852198050314723510e-01 1.563728801491156339e+00
0.000000000000000000e+00 0.000000000000000000e+00 0.000000000000000000e+00 1.000000000000000000e+00
-9.484158966136195801e-01 0.000000000000000000e+00 -3.170288426162266027e-01 4.709325743483054327e-01
-1.290109363549647448e-01 -9.134559874589690542e-01 3.859460289680087808e-01 1.707581253007394606e+00
-2.895918944849793508e-01 4.069375369456101343e-01 8.663361793629772434e-01 1.674696310680595879e+00
0.000000000000000000e+00 0.000000000000000000e+00 0.000000000000000000e+00 1.000000000000000000e+00
-9.037948725973015129e-01 0.000000000000000000e+00 -4.279659195155936513e-01 1.578828504700242052e-01
-1.748256552536635866e-01 -9.127566703093303868e-01 3.692035361029896157e-01 1.698082080375308500e+00
-3.906287477029241062e-01 4.085036851802249513e-01 8.249447985545582673e-01 1.759888052103010692e+00
0.000000000000000000e+00 0.000000000000000000e+00 0.000000000000000000e+00 1.000000000000000000e+00
-8.459288008274822301e-01 0.000000000000000000e+00 -5.332958502844157289e-01 -1.460229675668995308e-01
-2.172477996137751888e-01 -9.132639844535611617e-01 3.446045389471510956e-01 1.673894420925197135e+00
-4.870398931232952644e-01 4.073682544087174340e-01 7.725563072077292759e-01 1.854376194156241775e+00
0.000000000000000000e+00 0.000000000000000000e+00 0.000000000000000000e+00 1.000000000000000000e+00
-7.658975220986666832e-01 0.000000000000000000e+00 -6.429626627131022065e-01 -4.518432291871989359e-01
-2.666990851950322150e-01 -9.099139067588513097e-01 3.176921154875855247e-01 1.612208825399489065e+00
-5.850406683293524202e-01 4.147971580023716021e-01 6.969008065097214155e-01 1.889947226278230863e+00
0.000000000000000000e+00 0.000000000000000000e+00 0.000000000000000000e+00 1.000000000000000000e+00
-6.864563749101184609e-01 0.000000000000000000e+00 -7.271709876949565832e-01 -6.772071572970336240e-01
-3.069346836398881284e-01 -9.065519591305903901e-01 2.897492801981915167e-01 1.542877720474189251e+00
-6.592182835177894384e-01 4.220942375779233036e-01 6.223083715324509990e-01 1.895382017689219545e+00
0.000000000000000000e+00 0.000000000000000000e+00 0.000000000000000000e+00 1.000000000000000000e+00
-6.556754625687860605e-01 0.000000000000000000e+00 -7.550428383775377172e-01 -7.168605693543044222e-01
-3.294778932203951682e-01 -8.997674125405429324e-01 2.861169712008469479e-01 1.508179165446921877e+00
-6.793629410442243444e-01 4.363698011206738059e-01 5.899554144218401852e-01 1.944323288198155364e+00
0.000000000000000000e+00 0.000000000000000000e+00 0.000000000000000000e+00 1.000000000000000000e+00
-6.302723091998844174e-01 0.000000000000000000e+00 -7.763741470810612277e-01 -7.229937899494266462e-01
-3.478342454265288541e-01 -8.940215331347912686e-01 2.823771166363784335e-01 1.497874322948045123e+00
-6.940952052596263133e-01 4.480239929862211978e-01 5.634770161632858265e-01 1.991529277765766937e+00
0.000000000000000000e+00 0.000000000000000000e+00 0.000000000000000000e+00 1.000000000000000000e+00
-6.127262840293093982e-01 0.000000000000000000e+00 -7.902951985553462455e-01 -7.217230274412207436e-01
-3.766180538725690252e-01 -8.791453962849328230e-01 2.919969412309779688e-01 1.490077613863354022e+00
-6.947843855160195092e-01 4.765536404131317516e-01 5.386754917871414694e-01 2.028461828333517847e+00
0.000000000000000000e+00 0.000000000000000000e+00 0.000000000000000000e+00 1.000000000000000000e+00
-5.951959087093658951e-01 0.000000000000000000e+00 -8.035806308365278650e-01 -7.305216512142256313e-01
-4.002601705196716098e-01 -8.671219825911123946e-01 2.964646069985793497e-01 1.511454386652539617e+00
-6.968024297827867253e-01 4.980958414876183737e-01 5.161074563901840717e-01 1.986270994361443387e+00
0.000000000000000000e+00 0.000000000000000000e+00 0.000000000000000000e+00 1.000000000000000000e+00
-5.717915167247545893e-01 0.000000000000000000e+00 -8.203989647736061874e-01 -7.999308860712800451e-01
-4.199796868938915906e-01 -8.590323653158944417e-01 2.927122442541282843e-01 1.541558226591730030e+00
-7.047492632121820089e-01 5.119212784596667287e-01 4.911874190796287065e-01 1.927970085662131128e+00
0.000000000000000000e+00 0.000000000000000000e+00 0.000000000000000000e+00 1.000000000000000000e+00
-5.491099388390837666e-01 0.000000000000000000e+00 -8.357501271720739755e-01 -9.043090079854236851e-01
-4.337599110780344103e-01 -8.547701743054836321e-01 2.849917343702254580e-01 1.620172526063303309e+00
-7.143742818787036652e-01 5.190066946752935895e-01 4.693627981343569955e-01 1.882121474586239351e+00
0.000000000000000000e+00 0.000000000000000000e+00 0.000000000000000000e+00 1.000000000000000000e+00
-5.276243900575416923e-01 0.000000000000000000e+00 -8.494777825325434684e-01 -1.054772150397581321e+00
-4.445251484328918146e-01 -8.521532789825947418e-01 2.761017593749220955e-01 1.730918496453958788e+00
-7.238852778079705175e-01 5.232922597547301491e-01 4.496168540587258122e-01 1.890453873474326807e+00
0.000000000000000000e+00 0.000000000000000000e+00 0.000000000000000000e+00 1.000000000000000000e+00
-4.929124879046704044e-01 0.000000000000000000e+00 -8.700788925537892293e-01 -1.282509240107398751e+00
-4.554145067867201857e-01 -8.520763669292032993e-01 2.579990153642798267e-01 1.846694183141871060e+00
-7.413736617090174175e-01 5.234174862580821541e-01 4.199990819078464610e-01 1.856969741704666887e+00
0.000000000000000000e+00 0.000000000000000000e+00 0.000000000000000000e+00 1.000000000000000000e+00
-4.114368552725190531e-01 0.000000000000000000e+00 -9.114382667649301162e-01 -1.553871924852849418e+00
-5.020194698380029408e-01 -8.346377892712972812e-01 2.266190914814820712e-01 1.847905052268041359e+00
-7.607208200299441225e-01 5.507992018152547686e-01 3.434007473093899643e-01 1.686414777236981299e+00
0.000000000000000000e+00 0.000000000000000000e+00 0.000000000000000000e+00 1.000000000000000000e+00
-3.007074409013629768e-01 0.000000000000000000e+00 -9.537164332161595093e-01 -1.849867686024257107e+00
-5.716413397263820917e-01 -8.004624390323825667e-01 1.802389037199138289e-01 1.753348983651236592e+00
-7.634141822774713759e-01 5.993829190912344229e-01 2.407050115790909939e-01 1.431624135456923019e+00
0.000000000000000000e+00 0.000000000000000000e+00 0.000000000000000000e+00 1.000000000000000000e+00
-1.557384498586749377e-01 0.000000000000000000e+00 -9.877983272083512567e-01 -2.160897442171166194e+00
-6.329860206868660466e-01 -7.677037606054746277e-01 9.979796374284670424e-02 1.522312378537227007e+00
-7.583364905176483983e-01 6.408049125531203316e-01 1.195609936273719087e-01 1.162798421910737012e+00
0.000000000000000000e+00 0.000000000000000000e+00 0.000000000000000000e+00 1.000000000000000000e+00
-1.325515859506873340e-02 0.000000000000000000e+00 -9.999121465261933128e-01 -2.431983035907409718e+00
-6.683608221599782739e-01 -7.437844524297348991e-01 8.860007078860872298e-03 1.221594996426234259e+00
-7.437191083818255333e-01 6.684195451389789433e-01 9.858980877502492371e-03 8.679621688835652549e-01
0.000000000000000000e+00 0.000000000000000000e+00 0.000000000000000000e+00 1.000000000000000000e+00
1.175684584443894704e-01 0.000000000000000000e+00 -9.930647801523372342e-01 -2.605052717146647545e+00
-6.684001629215262641e-01 -7.395805680104575730e-01 -7.913157162477148232e-02 9.564503004105017192e-01
-7.344514141762457093e-01 6.730680377356580424e-01 -8.695134727641544437e-02 5.956300903887712384e-01
0.000000000000000000e+00 0.000000000000000000e+00 0.000000000000000000e+00 1.000000000000000000e+00
9.729158132598850206e-02 0.000000000000000000e+00 -9.952559209585685185e-01 -2.590344924702572715e+00
-6.517824544566245271e-01 -7.557248198594270772e-01 -6.371521569401333851e-02 1.006325648051523469e+00
-7.521396015804423518e-01 6.548893010642611312e-01 -7.352566277142146001e-02 6.288670049435854947e-01
0.000000000000000000e+00 0.000000000000000000e+00 0.000000000000000000e+00 1.000000000000000000e+00
9.619242477155974524e-02 0.000000000000000000e+00 -9.953627566955516315e-01 -2.598050677322670143e+00
-6.197777907689456800e-01 -7.824883370789419423e-01 -5.989567935166419804e-02 1.007752465326809510e+00
-7.788597482770135416e-01 6.226652409886329620e-01 -7.526945049908899399e-02 6.559456264949140580e-01
0.000000000000000000e+00 0.000000000000000000e+00 0.000000000000000000e+00 1.000000000000000000e+00
1.086641638499562801e-01 0.000000000000000000e+00 -9.940785177715035781e-01 -2.547104699396943950e+00
-6.041386659243926927e-01 -7.941380778607853852e-01 -6.603927336572014417e-02 9.942962234965918578e-01
-7.894356033457604616e-01 6.077373719721186340e-01 -8.629435021215371704e-02 6.743719131662417876e-01
0.000000000000000000e+00 0.000000000000000000e+00 0.000000000000000000e+00 1.000000000000000000e+00
9.050060469496901128e-02 0.000000000000000000e+00 -9.958964005105374051e-01 -2.506374479038916636e+00
-5.844765513411511737e-01 -8.096703796474656878e-01 -5.311343760183075829e-02 1.044997382208471715e+00
-8.063478166909114897e-01 5.868848918838590611e-01 -7.327565896170078197e-02 7.664312580612266945e-01
0.000000000000000000e+00 0.000000000000000000e+00 0.000000000000000000e+00 1.000000000000000000e+00
8.202406534222812795e-02 0.000000000000000000e+00 -9.966303490787011832e-01 -2.449576345935420729e+00
-5.615089326333294606e-01 -8.261792058984026577e-01 -4.621296694721060277e-02 1.086837587286821227e+00
-8.233952703760891723e-01 5.634074189617002126e-01 -6.776657716900072459e-02 8.544946103361860112e-01
0.000000000000000000e+00 0.000000000000000000e+00 0.000000000000000000e+00 1.000000000000000000e+00
8.011735684547997838e-02 0.000000000000000000e+00 -9.967854378611749055e-01 -2.366517554947338287e+00
-5.335698244919856448e-01 -8.446679986305968280e-01 -4.288606394825583007e-02 1.111895475302828951e+00
-8.419527608623216253e-01 5.352905492247945762e-01 -6.767256746224491193e-02 9.492835947724990175e-01
0.000000000000000000e+00 0.000000000000000000e+00 0.000000000000000000e+00 1.000000000000000000e+00
9.634277097820034830e-02 0.000000000000000000e+00 -9.953482156914945644e-01 -2.288760429819857833e+00
-4.880536838587635762e-01 -8.715342595687414207e-01 -4.724019548917914729e-02 1.090210479424973844e+00
-8.674800701757546806e-01 4.903346147254605270e-01 -8.396602556928667305e-02 9.561812871409003378e-01
0.000000000000000000e+00 0.000000000000000000e+00 0.000000000000000000e+00 1.000000000000000000e+00
1.024328345562710296e-01 0.000000000000000000e+00 -9.947399229973469259e-01 -2.224426977646073222e+00
-4.568456711793806302e-01 -8.883011576094214101e-01 -4.704344921902858107e-02 1.051492032894074669e+00
-8.836286251188498753e-01 4.592614216214573331e-01 -9.099120551354988873e-02 9.833442662087922281e-01
0.000000000000000000e+00 0.000000000000000000e+00 0.000000000000000000e+00 1.000000000000000000e+00
9.571479624550488507e-02 0.000000000000000000e+00 -9.954087993280356095e-01 -2.168351541053829656e+00
-4.753009477903030189e-01 -8.786354361551012015e-01 -4.570316577847725187e-02 1.014550815814239559e+00
-8.746014445502141577e-01 4.774932149596843312e-01 -8.409841174566583255e-02 9.681892780202948634e-01
0.000000000000000000e+00 0.000000000000000000e+00 0.000000000000000000e+00 1.000000000000000000e+00
8.359694952544119428e-02 0.000000000000000000e+00 -9.964996487857087359e-01 -2.130201025532706627e+00
-5.456778501589301111e-01 -8.367437649205341499e-01 -4.577724011491047379e-02 1.001034340035233061e+00
-8.338148678669439207e-01 5.475946236648145948e-01 -6.994922628178952551e-02 8.843562646783699188e-01
0.000000000000000000e+00 0.000000000000000000e+00 0.000000000000000000e+00 1.000000000000000000e+00
7.636104551091074666e-02 0.000000000000000000e+00 -9.970802328441180640e-01 -2.058731336999152006e+00
-6.178824513478646807e-01 -7.848452485503824017e-01 -4.732031428722924954e-02 1.028720592467446515e+00
-7.825536831712149866e-01 6.196918071331010136e-01 -5.993160374357780346e-02 7.744833101067040149e-01
0.000000000000000000e+00 0.000000000000000000e+00 0.000000000000000000e+00 1.000000000000000000e+00
6.340119930153345629e-02 0.000000000000000000e+00 -9.979881201332644336e-01 -1.970316967431537281e+00
-6.728906932149032460e-01 -7.385057322456488604e-01 -4.274808095207414255e-02 1.110771632493816163e+00
-7.370199474314750310e-01 6.742471975769109838e-01 -4.682214911543128300e-02 6.811844684317513998e-01
0.000000000000000000e+00 0.000000000000000000e+00 0.000000000000000000e+00 1.000000000000000000e+00
5.717279958953752628e-02 0.000000000000000000e+00 -9.983642977325933865e-01 -1.883826257025649875e+00
-7.123168979652910737e-01 -7.006715777299868941e-01 -4.079187461340755966e-02 1.206971325695685104e+00
-6.995254876415867296e-01 7.134839452723312769e-01 -4.005935569164160992e-02 6.119724225409155505e-01
0.000000000000000000e+00 0.000000000000000000e+00 0.000000000000000000e+00 1.000000000000000000e+00
7.385135874738713024e-02 0.000000000000000000e+00 -9.972692599349309850e-01 -1.843113581146337498e+00
-7.388906588714183599e-01 -6.716000220389098940e-01 -5.471749838851622250e-02 1.268723791210605967e+00
-6.697660569510269779e-01 7.409139021487827215e-01 -4.959857416234864091e-02 5.469750682177043632e-01
0.000000000000000000e+00 0.000000000000000000e+00 0.000000000000000000e+00 1.000000000000000000e+00
1.481618699174657716e-01 0.000000000000000000e+00 -9.889631238335230279e-01 -1.867898999911712821e+00
-7.680800168553773011e-01 -6.299301070621660115e-01 -1.150701869473222810e-01 1.215660267397638217e+00
-6.229776464769850586e-01 7.766518268932663949e-01 -9.333162257963989461e-02 3.639925633200581934e-01
0.000000000000000000e+00 0.000000000000000000e+00 0.000000000000000000e+00 1.000000000000000000e+00
2.311036473371995692e-01 0.000000000000000000e+00 -9.729291362619597594e-01 -1.958946640001532957e+00
-7.963118409578541224e-01 -5.745514171978935991e-01 -1.891510532516420540e-01 1.100435893739890592e+00
-5.589978140724315425e-01 8.184684899224234922e-01 -1.327809280971902206e-01 2.369511148851818905e-01
0.000000000000000000e+00 0.000000000000000000e+00 0.000000000000000000e+00 1.000000000000000000e+00
3.116196045546618110e-01 0.000000000000000000e+00 -9.502069364392139450e-01 -2.056641055576935884e+00
-8.078434392502180650e-01 -5.264980720942294967e-01 -2.649316095550677264e-01 9.923916218112762699e-01
-5.002821201258100814e-01 8.501763229360480567e-01 -1.640671210247955925e-01 1.308226070940795849e-01
0.000000000000000000e+00 0.000000000000000000e+00 0.000000000000000000e+00 1.000000000000000000e+00
4.304274157189133532e-01 0.000000000000000000e+00 -9.026251934205791194e-01 -2.172873910167734568e+00
-7.812736055748445985e-01 -5.008103252489499724e-01 -3.725594870032475359e-01 7.491534551674045028e-01
-4.520440166948566096e-01 8.655570565387593618e-01 -2.155624940622540009e-01 4.774243953674982971e-02
0.000000000000000000e+00 0.000000000000000000e+00 0.000000000000000000e+00 1.000000000000000000e+00
4.413104877767650147e-01 0.000000000000000000e+00 -8.973544747635873176e-01 -2.279808512964283995e+00
-7.876774790964859996e-01 -4.790687146833005894e-01 -3.873723732223239846e-01 7.480984197887879938e-01
-4.298944548403000887e-01 8.777774015157204790e-01 -2.114180481554752411e-01 8.272089904782992109e-02
0.000000000000000000e+00 0.000000000000000000e+00 0.000000000000000000e+00 1.000000000000000000e+00
3.393469175296372486e-01 0.000000000000000000e+00 -9.406612937519719386e-01 -2.337554037312493893e+00
-8.493333118814689886e-01 -4.298278163278431707e-01 -3.064000222573315946e-01 1.035541988114764056e+00
-4.043223897975338765e-01 9.029108750651073656e-01 -1.458607445393486357e-01 1.789487302205361452e-01
0.000000000000000000e+00 0.000000000000000000e+00 0.000000000000000000e+00 1.000000000000000000e+00
2.242156659101111615e-01 0.000000000000000000e+00 -9.745395503315837926e-01 -2.316518227137313257e+00
-9.082414610228339846e-01 -3.625358357431611722e-01 -2.089622364952951339e-01 1.393662752545561601e+00
-3.533055103442251377e-01 9.319698320235518807e-01 -8.128621382743154988e-02 1.940757135683027768e-01
0.000000000000000000e+00 0.000000000000000000e+00 0.000000000000000000e+00 1.000000000000000000e+00
3.133942714989414874e-02 0.000000000000000000e+00 -9.995087995139994019e-01 -2.104724211877436968e+00
-9.618042282166896495e-01 -2.720719931633726052e-01 -3.015720677728253585e-02 1.924124960802070516e+00
-2.719383512681036175e-01 9.622768990971931613e-01 -8.526580409270014330e-03 1.758033715211566594e-01
0.000000000000000000e+00 0.000000000000000000e+00 0.000000000000000000e+00 1.000000000000000000e+00
-4.362042230572921175e-01 0.000000000000000000e+00 -8.998476958835779360e-01 -1.025810028093132820e+00
-8.621713388332374883e-01 -2.863325631031571894e-01 4.179404811707994050e-01 2.822155530814803637e+00
-2.576556971648151784e-01 9.581302955792476705e-01 1.248994732244157468e-01 4.878261815469525087e-01
0.000000000000000000e+00 0.000000000000000000e+00 0.000000000000000000e+00 1.000000000000000000e+00
-7.248338377147169886e-01 0.000000000000000000e+00 -6.889237314128140444e-01 6.662081600495387175e-03
-6.409633255896073356e-01 -3.665875058416216969e-01 6.743734987452651986e-01 3.104948127714204809e+00
-2.525508324137267779e-01 9.303835771125902321e-01 2.657150287174488978e-01 8.695598387380517602e-01
0.000000000000000000e+00 0.000000000000000000e+00 0.000000000000000000e+00 1.000000000000000000e+00
-8.177506771824057941e-01 0.000000000000000000e+00 -5.755726105086279576e-01 4.636800864108763798e-01
-5.020270482427056091e-01 -4.891103350271123196e-01 7.132600668777007158e-01 3.033647782939778104e+00
-2.815185123583046622e-01 8.722219213994027998e-01 3.999703076853344808e-01 1.322052285324254006e+00
0.000000000000000000e+00 0.000000000000000000e+00 0.000000000000000000e+00 1.000000000000000000e+00
-8.226005784436305479e-01 0.000000000000000000e+00 -5.686196341529233811e-01 5.055360146090409623e-01
-4.607515054688815503e-01 -5.860176743911681418e-01 6.665518250738844408e-01 2.876057616452869503e+00
-3.332211556194529245e-01 8.102982693435589745e-01 4.820584779323659474e-01 1.661938122293100673e+00
0.000000000000000000e+00 0.000000000000000000e+00 0.000000000000000000e+00 1.000000000000000000e+00
-8.787031406843123227e-01 0.000000000000000000e+00 -4.773686107731902606e-01 8.534834157075048555e-01
-3.090594278544609996e-01 -7.621308500463135349e-01 5.688926414201161963e-01 2.416397641468456037e+00
-3.638173451139992687e-01 6.474230204492914531e-01 6.696867715481004124e-01 2.214864386664682439e+00
0.000000000000000000e+00 0.000000000000000000e+00 0.000000000000000000e+00 1.000000000000000000e+00
-8.764876808657022789e-01 0.000000000000000000e+00 -4.814242882226268394e-01 8.782164645663524949e-01
-1.425077207048253691e-01 -9.551839928313389239e-01 2.594515164309050270e-01 1.453371872841114687e+00
-4.598487738704740146e-01 2.960127359401630298e-01 8.372070026767818307e-01 3.005308387355089206e+00
0.000000000000000000e+00 0.000000000000000000e+00 0.000000000000000000e+00 1.000000000000000000e+00
-8.077294872130893477e-01 0.000000000000000000e+00 -5.895532846880590094e-01 5.485733868029526450e-01
3.664854299128495613e-02 -9.980659955398776262e-01 -5.021108287628378575e-02 3.732554827225467720e-01
-5.884130860059925139e-01 -6.216324112361822085e-02 8.061673347822468916e-01 3.489046021683229970e+00
0.000000000000000000e+00 0.000000000000000000e+00 0.000000000000000000e+00 1.000000000000000000e+00
-6.804428558206788713e-01 0.000000000000000000e+00 -7.328011462617937122e-01 6.893001353080576224e-03
2.160802118392157467e-01 -9.555377422909963059e-01 -2.006413843376912143e-01 -4.253835414839939877e-01
-7.002191528472484494e-01 -2.948688234748215176e-01 6.501888302089293692e-01 3.614629419021173184e+00
0.000000000000000000e+00 0.000000000000000000e+00 0.000000000000000000e+00 1.000000000000000000e+00
-5.453782667638205073e-01 0.000000000000000000e+00 -8.381900417815107973e-01 -4.704678170311998864e-01
2.156974480953058881e-01 -9.663216773499456735e-01 -1.403460963787746540e-01 -3.013158788268371913e-01
-8.099612071123306611e-01 -2.573371638212939572e-01 5.270108415294212367e-01 3.709307022938806764e+00
0.000000000000000000e+00 0.000000000000000000e+00 0.000000000000000000e+00 1.000000000000000000e+00
-3.946607006493709768e-01 0.000000000000000000e+00 -9.188269322146296325e-01 -9.529577116448827434e-01
2.137745658107558233e-01 -9.725580582379157457e-01 -9.182188393252306569e-02 -2.215338452196228547e-01
